15.521248 38.293219 110200800
15.52958133 38.293219 382461600
15.53791467 38.293219 132889200
15.546248 38.293219 356532000
15.55458133 38.293219 1280274000
15.56291467 38.293219 745476000
15.50458133 38.28488567 904294800
15.51291467 38.28488567 207436800
15.521248 38.28488567 171783600
15.52958133 38.28488567 81030000
15.53791467 38.28488567 32412000
15.546248 38.28488567 12964800
15.55458133 38.28488567 71306400
15.56291467 38.28488567 826506000
15.571248 38.28488567 298190400
15.496248 38.27655233 904294800
15.50458133 38.27655233 68065200
15.51291467 38.27655233 22688400
15.521248 38.27655233 19447200
15.52958133 38.27655233 103718400
15.53791467 38.27655233 382461600
15.546248 38.27655233 35653200
15.55458133 38.27655233 369496800
15.56291467 38.27655233 29170800
15.571248 38.27655233 288466800
15.57958133 38.27655233 1899343200
15.58791467 38.27655233 1445575200
15.596248 38.27655233 97236000
15.47958133 38.268219 1565499600
15.48791467 38.268219 152336400
15.496248 38.268219 84271200
15.50458133 38.268219 29170800
15.51291467 38.268219 19447200
15.521248 38.268219 100477200
15.52958133 38.268219 1114972800
15.53791467 38.268219 907536000
15.546248 38.268219 1111731600
15.55458133 38.268219 1199244000
15.56291467 38.268219 19447200
15.571248 38.268219 22688400
15.57958133 38.268219 1565499600
15.58791467 38.268219 3095346000
15.596248 38.268219 2683713600
15.60458133 38.268219 1403439600
15.61291467 38.268219 1526605200
15.621248 38.268219 1114972800
15.62958133 38.268219 2891150400
15.63791467 38.268219 1199244000
15.646248 38.268219 2392005600
15.46291467 38.25988567 165301200
15.471248 38.25988567 907536000
15.47958133 38.25988567 278743200
15.48791467 38.25988567 87512400
15.496248 38.25988567 9723600
15.50458133 38.25988567 12964800
15.51291467 38.25988567 22688400
15.521248 38.25988567 3176376000
15.52958133 38.25988567 369496800
15.53791467 38.25988567 35653200
15.546248 38.25988567 392185200
15.55458133 38.25988567 35653200
15.56291467 38.25988567 330602400
15.571248 38.25988567 1455298800
15.57958133 38.25988567 1114972800
15.58791467 38.25988567 1442334000
15.596248 38.25988567 4045017600
15.60458133 38.25988567 2767984800
15.61291467 38.25988567 1568740800
15.621248 38.25988567 1403439600
15.45458133 38.25155233 1776177600
15.46291467 38.25155233 580174800
15.471248 38.25155233 84271200
15.47958133 38.25155233 42135600
15.48791467 38.25155233 411632400
15.496248 38.25155233 661204800
15.50458133 38.25155233 123165600
15.51291467 38.25155233 6482400
15.521248 38.25155233 745476000
15.52958133 38.25155233 12964800
15.53791467 38.25155233 6482400
15.546248 38.25155233 113442000
15.55458133 38.25155233 233366400
15.56291467 38.25155233 1571982000
15.571248 38.25155233 1484469600
15.57958133 38.25155233 87512400
15.58791467 38.25155233 1403439600
15.45458133 38.243219 369496800
15.46291467 38.243219 87512400
15.471248 38.243219 45376800
15.47958133 38.243219 32412000
15.48791467 38.243219 129648000
15.496248 38.243219 657963600
15.50458133 38.243219 61582800
15.51291467 38.243219 90753600
15.521248 38.243219 6482400
15.52958133 38.243219 246331200
15.53791467 38.243219 16206000
15.546248 38.243219 3241200
15.55458133 38.243219 823264800
15.56291467 38.243219 372738000
15.571248 38.243219 48618000
15.57958133 38.243219 2699919600
15.46291467 38.23488567 84271200
15.471248 38.23488567 388944000
15.47958133 38.23488567 81030000
15.48791467 38.23488567 68065200
15.496248 38.23488567 113442000
15.50458133 38.23488567 90753600
15.51291467 38.23488567 194472000
15.521248 38.23488567 181507200
15.52958133 38.23488567 136130400
15.53791467 38.23488567 22688400
15.546248 38.23488567 6482400
15.55458133 38.23488567 1776177600
15.56291467 38.23488567 132889200
15.571248 38.23488567 2262357600
15.47958133 38.22655233 77788800
15.48791467 38.22655233 97236000
15.496248 38.22655233 32412000
15.50458133 38.22655233 48618000
15.51291467 38.22655233 16206000
15.521248 38.22655233 246331200
15.52958133 38.22655233 249572400
15.53791467 38.22655233 25929600
15.546248 38.22655233 742234800
15.55458133 38.22655233 3630144000
15.56291467 38.22655233 1361304000
15.48791467 38.218219 51859200
15.496248 38.218219 6482400
15.50458133 38.218219 16206000
15.51291467 38.218219 9723600
15.521248 38.218219 162060000
15.52958133 38.218219 4638157200
15.53791467 38.218219 1941478800
15.546248 38.218219 1565499600
15.55458133 38.218219 8880888000
15.56291467 38.218219 7321870800
15.48791467 38.20988567 3241200
15.496248 38.20988567 3241200
15.50458133 38.20988567 19447200
15.51291467 38.20988567 9723600
15.521248 38.20988567 22688400
15.52958133 38.20988567 2612407200
15.53791467 38.20988567 17868735600
15.546248 38.20988567 19638430800
15.55458133 38.20988567 25842087600
15.48791467 38.20155233 6482400
15.496248 38.20155233 9723600
15.50458133 38.20155233 9723600
15.51291467 38.20155233 45376800
15.521248 38.20155233 317637600
15.52958133 38.20155233 359773200
15.53791467 38.20155233 1166832000
15.546248 38.20155233 9691188000
15.55458133 38.20155233 24117769200
15.48791467 38.193219 19447200
15.496248 38.193219 6482400
15.50458133 38.193219 61582800
15.51291467 38.193219 554245200
15.521248 38.193219 541280400
15.52958133 38.193219 2074368000
15.53791467 38.193219 8767446000
15.546248 38.193219 7892322000
15.55458133 38.193219 23258851200
15.571248 38.193219 1698388800
15.47958133 38.18488567 51859200
15.48791467 38.18488567 16206000
15.496248 38.18488567 32412000
15.50458133 38.18488567 64824000
15.51291467 38.18488567 327361200
15.521248 38.18488567 6715766400
15.52958133 38.18488567 8978124000
15.53791467 38.18488567 24101563200
15.546248 38.18488567 16390748400
15.55458133 38.18488567 21265513200
15.56291467 38.18488567 1238138400
15.471248 38.17655233 6482400
15.47958133 38.17655233 6482400
15.48791467 38.17655233 25929600
15.496248 38.17655233 19447200
15.50458133 38.17655233 700099200
15.51291467 38.17655233 1734042000
15.521248 38.17655233 3931575600
15.52958133 38.17655233 1990096800
15.53791467 38.17655233 5292879600
15.546248 38.17655233 22704606000
15.55458133 38.17655233 19819938000
15.471248 38.168219 6482400
15.47958133 38.168219 0
15.48791467 38.168219 9723600
15.496248 38.168219 22688400
15.50458133 38.168219 97236000
15.51291467 38.168219 3098587200
15.521248 38.168219 24808144800
15.52958133 38.168219 14177008800
15.53791467 38.168219 16342130400
15.546248 38.168219 25200330000
15.471248 38.15988567 3241200
15.47958133 38.15988567 3241200
15.48791467 38.15988567 22688400
15.496248 38.15988567 123165600
15.50458133 38.15988567 868641600
15.51291467 38.15988567 6599083200
15.521248 38.15988567 3600973200
15.52958133 38.15988567 12656886000
15.53791467 38.15988567 20918704800
15.46291467 38.15155233 3241200
15.471248 38.15155233 3241200
15.47958133 38.15155233 0
15.48791467 38.15155233 6482400
15.496248 38.15155233 6482400
15.50458133 38.15155233 25929600
15.51291467 38.15155233 2421176400
15.521248 38.15155233 16834792800
15.52958133 38.15155233 15505900800
15.46291467 38.143219 6482400
15.471248 38.143219 12964800
15.47958133 38.143219 3241200
15.48791467 38.143219 0
15.496248 38.143219 84271200
15.50458133 38.143219 823264800
15.51291467 38.143219 2216980800
15.521248 38.143219 8702622000
15.52958133 38.143219 9085083600
15.45458133 38.13488567 3241200
15.46291467 38.13488567 0
15.471248 38.13488567 9723600
15.47958133 38.13488567 9723600
15.48791467 38.13488567 12964800
15.496248 38.13488567 1199244000
15.50458133 38.13488567 1277032800
15.51291467 38.13488567 1157108400
15.521248 38.13488567 12676333200
15.45458133 38.12655233 0
15.46291467 38.12655233 0
15.471248 38.12655233 3241200
15.47958133 38.12655233 12964800
15.48791467 38.12655233 204195600
15.496248 38.12655233 74547600
15.50458133 38.12655233 19447200
15.51291467 38.12655233 103718400
15.446248 38.118219 25929600
15.45458133 38.118219 3241200
15.46291467 38.118219 6482400
15.471248 38.118219 3241200
15.47958133 38.118219 12964800
15.48791467 38.118219 42135600
15.496248 38.118219 32412000
15.50458133 38.118219 1238138400
15.51291467 38.118219 2395246800
15.43791467 38.10988567 32412000
15.446248 38.10988567 9723600
15.45458133 38.10988567 6482400
15.46291467 38.10988567 3241200
15.471248 38.10988567 16206000
15.47958133 38.10988567 9723600
15.48791467 38.10988567 9723600
15.496248 38.10988567 272260800
15.50458133 38.10988567 826506000
15.42958133 38.10155233 25929600
15.43791467 38.10155233 3241200
15.446248 38.10155233 0
15.45458133 38.10155233 9723600
15.46291467 38.10155233 9723600
15.471248 38.10155233 3241200
15.47958133 38.10155233 784370400
15.48791467 38.10155233 1610876400
15.496248 38.10155233 576933600
15.50458133 38.10155233 2142433200
15.42958133 38.093219 12964800
15.43791467 38.093219 0
15.446248 38.093219 0
15.45458133 38.093219 3241200
15.46291467 38.093219 3241200
15.471248 38.093219 12964800
15.47958133 38.093219 742234800
15.48791467 38.093219 162060000
15.496248 38.093219 868641600
15.421248 38.08488567 6482400
15.42958133 38.08488567 3241200
15.43791467 38.08488567 6482400
15.446248 38.08488567 12964800
15.45458133 38.08488567 6482400
15.46291467 38.08488567 126406800
15.471248 38.08488567 12964800
15.47958133 38.08488567 48618000
15.48791467 38.08488567 29170800
15.496248 38.08488567 1072837200
15.41291467 38.07655233 9723600
15.421248 38.07655233 6482400
15.42958133 38.07655233 0
15.43791467 38.07655233 3241200
15.446248 38.07655233 372738000
15.45458133 38.07655233 25929600
15.46291467 38.07655233 12964800
15.471248 38.07655233 379220400
15.47958133 38.07655233 126406800
15.48791467 38.07655233 644998800
15.43791467 38.068219 9723600
15.446248 38.068219 19447200
15.45458133 38.068219 25929600
15.46291467 38.068219 9723600
15.471248 38.068219 534798000
15.47958133 38.068219 126406800
15.46291467 38.05988567 16206000
15.471248 38.05988567 1734042000